007 0001 10
007 0002 83
007 0003 46
007 0004 09
007 0005 71
007 0006 34
007 0007 05
007 0008 60
007 0009 22
007 0010 01
007 0011 74
007 0012 37
007 0013 08
007 0014 62
007 0015 25
007 0016 98
007 0017 50
007 0018 13
007 0019 86
007 0020 65
007 0021 28
007 0022 90
007 0023 53
007 0024 16
007 0025 89
007 0026 41
007 0027 04
007 0028 77
007 0029 30
007 0030 19
007 0031 81
007 0032 44
007 0033 07
007 0034 70
007 0035 32
007 0036 03
007 0037 68
007 0038 20
007 0039 93
007 0040 72
007 0041 35
007 0042 06
007 0043 60
007 0044 23
007 0045 96
007 0046 59
007 0047 11
007 0048 84
007 0049 47
007 0050 26
007 0051 99
007 0052 51
007 0053 14
007 0054 87
007 0055 40
007 0056 02
007 0057 75
007 0058 38
007 0059 09
007 0060 80
007 0061 42
007 0062 05
007 0063 78
007 0064 30
007 0065 01
007 0066 66
007 0067 29
007 0068 91
007 0069 54
007 0070 33
007 0071 04
007 0072 69
007 0073 21
007 0074 94
007 0075 57
007 0076 10
007 0077 82
007 0078 45
007 0079 08
007 0080 97
007 0081 50
007 0082 12
007 0083 85
007 0084 48
